0103
0104
0120
0206
0208
0212
0218
0312
0315
0318
0415
0418
0504
0508
0510
0511
0512
0519
0520
0613
0620
0706
0711
0803
0805
0808
0809
0810
0817
0904
0906
0917
1006
1008
1018
1102
1112
1114
1115
1117
1119
1204
1215
1304
1316
1317
1408
1412
1517
1616
1618
1715
1803
1813
1814
1817
1818
1907
1917
2003
2009
2012
2212
2317
2404
2510
2605
2608
2703
2713
2716
2718
2805
2815
2912
2916
2918
3006
3010
3101
3112
3113
3117
3309
3319
3412
3413
3417
3512
3604
3613
3618
3805
3810
3813
3910
3920
4010
4017
4019
