1. Общие положения-0401,1501,0301,3501,1801,1701,3001,1101,1301,1401,3301,0501,2601,3601,1901,0601,3401,2501,2201,2901,2301,1001,0201,3801,0101
2. Общие обязанности водителей-3101,3201,0901,3701,0801,2101,1601,3901,2701,2401,4001,2801,2001,1201,0701
3. 1.Предупреждающие знаки-1409,0902,1402,2402,3102,2102,3902,1802,0402,3702,3402,3802,3302,0102,2302,1702,2202
3. 2.Приоритета-0302,0202,1215,3215,3115,0815,3515,3915,0702,3602,1202,1515,2015,3202,0915,3415,1615,0715,1315,2902,1015,2602
3. 3.Запрещающие знаки-1002,1503,1210,3803,2103,1204,0303,3512,4003,3603,0603,0602,1303,3704,0703,0503,1403,2202,3403,1903,1003,1904,0704,1603,2203,2003,2403,0203,2903,3203,2303,2004,3904,3003,1803,3103,3903,2603,1703,0903,2503,2703
3. 4.Предписывающие знаки-1602,2502,1902,2402,0508,3703,3002,1502,2002,4002,3503,1102,3502,2802,0903,0104,4003,1302,2709
3. 5.Знаки особых предписаний-1804,2702,0503,3904,0803,2504,1403,0104,0304,0204,2704,2104,4003,0704,0404,1904,1404,1204,1203,2604,2304,3804,1104,3204
3. 6.Информационные знаки-1103,3304,0804,1706,3503,1004,1604,3104,2804,0803,3904,0914,0816,1704
3. 7.Знаки сервиса-2816,3404,1712
3. 8.Таблички-1910,0715,1304,2003,0402,0303,1615,1515,3202,3504,2502,2815,1003,0403,3315,0802,2303,2204,3915,3604,2203,1504,0515,1912,0604,0702,0504,2403,3303,2515,1902,2015,3015,1402,3109,1215,1703,2803,0915,2915,2012,3515,0812,3403,1409,2904,0115,0902,2715,2412,0815,1002,1210,2615,1315,0315,0512,3115,3512,3215,3304,1604,3415,0110,1015,3103,0508,2315
4. Дорожная разметка-3405,0505,0705,0205,3605,2205,4005,3705,0108,1705,1605,1105,0105,1905,2805,2305,0605,3005,1405,2705,0305,2405,1005,2905,2605,3505,3905,0405,3205,0905,1505,3305,3805,2505,0703,1205,0805,2005,1305,3105,1805,2105
5. Специальные сигналы-3806,3606,1106,2206,1416,1906,3306,0306
6. 1.Сигналы светофора-3406,3206,0206,0106,0406,1306,2906,1706,2106,2006,0506,2606,2406,3106,3506,1606,2506,2306
6. 2.Сигналы регулировщика-1506,0906,3113,2313,1006,0706,1213,2713,0606,3006,3706,0806,1406,3313,0513,1206,1806,4006,3413,2806,3613,3906,2706
7. Аварийная сигнализация-1707,3407,1507,0801,3907,4007,3507,2007,3916,1607,2807
8. 1.Сигналы поворота-2407,3707,1107,3207,2607,0407,2307,0907,2907,0607,1007,0107,1807,2507,2207
8. 2.Начало движения, перестроение-2108,3508,2408,0708,3408,1208,3307,2808,0408,1307,0608,0908,3609,2708,0807,2707,3107,0207,1009,0509,3008,3208,0707,1207,3807,2107,2508,1608,3607,0208,1407,0307,3708,3007,1509,1907,3808,0507,3908
8. 3.Повороты-0808,0308,3108,2008,1308,3308,3109,1806,1408,1108,0108,1808,1908,0508,2608,3608,2908,4008,2308,1102,0206,1508,0609,1008,2208,1708
8. 4.Разворот-0309,3909,3703,3809,0209,1409,0909,2609,2309,0709,1209,2409,4009,3209,3309,0409,0809,4003,1709,1309,1809,2709,0109,1109,1904,3903
8. 5.Движение задним ходом-2909,3509,1909,2209,3716,2509,3009,2109,3709,3409,2809,0916,1609,2009
9. Расположение ТС-2210,1110,1410,2810,2610,0910,2916,0811,3610,0210,0911,3010,3411,0310,1911,3310,0810,2010,2710,2310,2910,3316,0410,2110,3710
10. Скорость движения-1810,1910,1604,1710,2510,3503,1610,3303,3110,1503,3216,2410,1510,3210,0510,0710,1116,1210,3910,3810,0116,1010,1310,2803,0110,0610,3510
