0103
0104
0109
0110
0120
0203
0208
0212
0218
0315
0318
0418
0504
0508
0510
0511
0512
0518
0519
0701
0710
0712
0803
0805
0809
0812
0901
0906
0912
0917
1004
1006
1008
1018
1106
1114
1115
1117
1119
1120
1215
1310
1317
1403
1408
1503
1517
1518
1616
1618
1715
1803
1814
1818
1907
1908
1912
1917
2009
2110
2203
2212
2218
2316
2404
2410
2412
2605
2620
2703
2704
2713
2716
2718
2809
2912
2918
3010
3103
3112
3113
3117
3203
3220
3319
3412
3413
3512
3604
3613
3618
3701
3805
3812
3813
3817
3920
4002
4017
4019
