0103
0104
0109
0110
0111
0117
0203
0209
0218
0308
0318
0504
0508
0510
0518
0601
0610
0617
0618
0619
0701
0708
0710
0712
0804
0807
0809
0812
0813
0819
0901
0904
0911
0912
0917
1003
1004
1006
1009
1018
1108
1116
1119
1201
1203
1204
1208
1209
1210
1212
1218
1304
1310
1312
1316
1403
1404
1416
1417
1420
1503
1509
1512
1518
1601
1608
1610
1612
1617
1618
1703
1719
1807
1809
1811
1816
1817
1902
1909
1912
2002
2012
2103
2110
2203
2217
2218
2316
2401
2404
2410
2418
2502
2510
2612
2620
2703
2704
2712
2803
2805
2809
2810
2811
2812
2903
2908
2913
2916
2918
3009
3010
3012
3101
3103
3108
3118
3203
3210
3301
3303
3316
3403
3405
3408
3410
3412
3510
3512
3519
3603
3604
3606
3612
3617
3701
3709
3712
3717
3803
3812
3817
3908
3910
3911
3912
3919
4002
4004
4010
4012
4017
